Elianestad 70 69 46 75 57 73 94 90 84 77 76 76
Binsfurt 49 75 46 66 77 94 86 104 79 80 73 73
Veumview 67 36 66 68 58 65 96 88 82 76 68 68
Edisonborough 33 58 47 49 65 57 84 85 79 78 70 70
North_Devyn 67 74 49 48 55 80 91 104 83 76 71 71
Devonchester 69 36 67 63 62 68 76 101 72 78 75 75
Hayestown 48 38 66 50 78 88 74 79 74 79 71 71
Hudsonside 32 73 54 69 75 90 66 97 78 77 70 70
Lake_Lupe 34 45 46 60 79 69 99 75 71 75 74 74
West_Eunice 70 41 55 52 74 57 104 99 77 79 76 76
Ortizhaven 55 34 062 57 71 68 92 104 82 79 72 72
Kleinstad 50 39 67 65 64 67 77 78 72 75 72 72
North_Devin 32 43 64 59 50 77 94 82 82 77 72 72
South_Casperfort 42 46 57 73 74 56 104 104 73 76 70 70
North_Ivahshire 53 37 65 51 57 66 89 82 77 80 75 75
Lake_Cristian 59 37 63 75 62 71 88 92 72 76 74 74
Nyasiashire 38 34 48 75 78 83 77 95 82 75 68 68
East_Mustafa 56 74 67 63 75 62 103 92 72 80 69 69
Port_Oma 33 43 53 62 71 93 88 94 85 77 76 76
South_Bethel 44 50 54 72 61 78 78 80 85 75 72 72
Lake_Osbaldo 62 39 54 65 78 101 89 104 73 77 68 68
Goldenport 34 66 66 63 76 74 95 81 72 80 72 72
Normafort 47 74 60 60 71 92 78 94 83 80 73 73
Ceasarland 33 53 57 50 58 79 86 97 70 77 71 71
Port_Alfredahaven 56 56 51 65 76 72 75 82 74 78 74 74
Ardenview 61 65 58 73 69 65 73 86 82 78 75 75
New_Rafaela 73 38 49 52 65 66 103 87 83 80 75 75
Augustusborough 74 50 62 71 59 93 92 101 70 75 71 71
Port_Wilhelm 33 71 55 67 69 74 65 100 82 78 76 76
West_Anitafort 43 63 50 58 70 84 89 77 85 79 68 68
West_Doris 48 61 49 67 51 56 96 89 77 75 68 68
Lake_Seamushaven 47 58 69 51 60 95 89 84 72 75 71 71
Port_Christopton 48 70 64 48 77 66 70 100 79 75 69 69
South_Shyannemouth 33 42 53 61 56 96 96 100 82 79 72 72
Emmerichburgh 56 63 66 55 52 70 73 101 86 77 69 69
Monteberg 34 34 67 60 50 80 100 83 83 78 76 76
New_Lyric 68 43 47 55 80 98 100 89 72 79 71 71
East_Lionel 36 47 52 47 59 95 101 94 83 77 68 68
Port_Berenice 68 39 62 48 60 77 105 79 83 78 76 76
South_Shawn 42 48 51 51 71 70 103 103 75 79 76 76
Ernsertown 44 36 65 76 79 94 100 101 80 77 69 69
Millsburgh 55 46 68 61 78 73 82 81 73 76 76 76
Lubowitzfurt 63 37 56 71 76 70 79 100 70 76 74 74
Eudorahaven 54 73 64 58 64 68 85 83 79 77 69 69
Natalieside 48 67 65 76 60 97 72 90 74 77 69 69
Jacintostad 48 67 57 48 60 89 95 77 83 80 72 72
Beierborough 66 34 61 61 64 62 87 85 71 79 75 75
DuBuquehaven 51 36 67 49 72 87 83 78 70 77 69 69
New_Aubrey 71 41 54 73 79 89 94 78 83 76 73 73
Weberbury 40 36 51 66 74 74 99 76 72 79 69 69
Toyshire 44 63 61 67 66 82 98 95 80 76 75 75
Lake_Cleora 61 35 50 62 67 58 83 76 70 80 72 72
Kendrickberg 75 32 54 58 77 96 98 81 72 78 72 72
West_Giovannamouth 52 55 48 52 75 65 88 76 71 79 76 76
Kerlukeview 37 62 59 57 77 71 67 80 76 80 76 76
North_Rosemarietown 51 44 66 56 73 82 97 98 77 76 69 69
Crooksland 53 46 46 58 77 77 66 78 73 76 69 69
Ernserstad 72 58 50 60 52 101 75 98 72 77 74 74
New_Ashtyn 73 71 60 49 67 73 93 79 79 75 71 71
West_Beverlymouth 41 32 59 55 61 93 72 93 71 78 73 73
Lakinfurt 38 57 66 48 57 100 90 94 73 80 68 68
East_Axel 67 69 51 76 59 70 73 103 82 75 69 69
Lake_Violethaven 74 49 50 56 67 88 66 89 81 80 68 68
Hayliehaven 63 44 55 60 61 94 86 104 81 80 73 73
Port_Jamesonport 63 39 59 50 55 74 77 98 80 79 76 76
Luettgenview 33 53 65 69 58 82 93 85 85 79 73 73
Paucekbury 56 62 58 55 67 90 91 76 79 78 76 76
Raufurt 44 54 53 45 64 65 93 93 86 78 72 72
West_Everardo 72 75 50 61 51 76 85 97 85 75 70 70
East_Denaton 45 74 57 51 53 91 103 80 77 75 68 68
South_Prudenceburgh 43 66 57 61 63 80 80 90 79 78 75 75
South_Emoryton 45 55 46 53 60 91 81 76 81 80 70 70
New_Monicaland 52 57 65 52 66 101 73 104 80 76 76 76
Steuberburgh 71 61 54 70 79 85 103 82 73 79 69 69
West_Sammy 43 43 50 65 50 93 68 83 71 76 74 74
Raymondberg 53 62 60 47 79 82 69 87 73 77 70 70
Brandomouth 38 74 63 51 55 56 94 103 86 80 71 71
Heathcotemouth 75 69 64 49 70 92 87 88 76 77 68 68
Howellfurt 49 48 57 45 63 62 93 100 74 75 70 70
Carrollmouth 56 45 51 58 57 80 75 93 85 77 75 75
Annabelleview 66 40 66 55 77 66 105 87 82 79 74 74
Lake_Roxannemouth 56 60 68 61 77 77 68 76 84 77 68 68
Kirlinhaven 74 75 65 67 64 91 72 88 79 75 74 74
West_Mateotown 65 60 64 47 69 82 69 102 70 80 69 69
Lake_Jazlyn 58 34 57 47 66 77 70 92 74 77 74 74
Andersonton 70 61 59 46 51 98 74 94 83 80 76 76
Lake_Samantha 55 70 52 65 73 78 72 95 80 80 68 68
Daughertyberg 37 66 54 68 73 79 77 85 84 76 76 76
Karimouth 35 36 62 61 56 100 67 79 72 77 75 75
South_Justenland 71 60 52 72 54 72 99 92 76 78 72 72
Lake_Vida 48 34 49 54 63 96 73 79 72 77 70 70
Keatonside 38 47 61 68 58 74 86 75 80 77 75 75
Port_Arely 39 69 49 50 80 78 84 90 80 75 76 76
East_Rosalia 36 55 57 62 67 84 105 92 79 75 74 74
North_Jarrettburgh 69 55 68 68 56 85 71 94 71 80 73 73
Kunzehaven 48 34 62 56 78 96 89 89 80 80 73 73
South_Summerville 69 50 55 50 71 87 96 86 81 76 75 75
South_Alfredamouth 72 58 54 56 78 86 103 98 84 80 76 76
East_Grahamland 64 54 48 65 65 98 69 92 74 75 70 70
North_Vivien 69 39 54 62 76 73 86 79 83 77 70 70
Port_Gregoryport 70 64 62 63 67 68 91 79 74 78 76 76
Cooperside 58 63 60 60 54 63 97 78 77 79 71 71
Hackettview 55 38 58 68 66 67 92 85 77 75 71 71
South_Anissa 74 73 69 47 57 79 78 97 72 80 76 76
Yostchester 51 52 61 46 62 69 71 83 73 79 75 75
South_Avis 49 37 54 60 77 78 86 99 82 80 68 68
Thompsonview 46 56 46 51 73 57 86 78 77 80 74 74
Murraymouth 58 57 64 67 60 75 67 76 78 77 74 74
Emeliemouth 52 46 52 63 69 62 94 97 82 80 69 69
North_Dameon 50 39 48 66 61 76 90 78 81 80 69 69
New_Shadberg 69 51 52 61 72 60 79 103 86 78 69 69
Cooperland 45 72 70 61 52 67 78 93 80 77 71 71
South_Stantonshire 55 34 60 60 74 87 98 103 83 77 73 73
North_Edwinaton 70 37 49 49 77 74 76 92 82 77 74 74
South_Erica 48 58 54 66 78 84 87 96 84 76 70 70
East_Barbaraton 68 47 56 56 73 60 69 93 83 76 73 73
West_Estellachester 70 64 65 45 72 69 77 86 79 76 70 70
East_Guadalupe 38 45 47 59 56 56 71 91 74 78 76 76
Margueriteside 40 57 52 64 67 97 105 78 73 78 69 69
Port_Maxie 51 43 50 65 73 74 76 94 86 77 75 75
South_Jaceystad 49 50 69 60 55 99 77 99 83 80 71 71
Welchhaven 39 73 52 45 63 80 67 96 71 80 70 70
North_Kennithfort 34 71 52 58 70 97 83 84 74 77 70 70
East_Kellieshire 53 48 46 53 69 55 104 87 76 78 71 71
DuBuqueside 53 69 69 72 68 75 79 79 75 77 68 68
East_Karliemouth 72 47 67 66 79 61 87 81 86 79 72 72
Port_Ebba 41 47 49 55 56 91 71 97 77 80 69 69
New_Zachary 52 59 70 56 65 76 101 78 70 77 71 71
Raleighhaven 72 34 66 49 77 100 78 81 83 80 68 68
New_Omamouth 71 73 52 74 71 85 89 101 78 75 71 71
Lake_Velma 66 66 59 69 50 89 90 83 74 78 71 71
East_Beulahfort 70 41 66 75 61 82 77 76 75 77 69 69
New_Monaville 50 50 66 73 50 99 86 79 78 75 72 72
Lednerside 36 42 54 65 55 63 83 80 76 75 68 68
Elisefort 56 68 52 64 52 76 96 103 72 76 73 73
West_Ludwig 75 40 65 57 56 77 72 101 82 75 76 76
Manteland 43 44 53 56 67 88 73 92 78 78 74 74
Port_Jailynfurt 49 42 50 65 80 98 91 103 80 76 74 74
Schultzland 33 65 57 70 67 78 91 95 77 75 75 75
Stellaland 55 53 56 57 67 79 69 87 78 79 73 73
Cecilemouth 71 34 68 72 80 72 96 79 78 80 72 72
South_Ruby 44 68 54 46 62 62 102 92 75 78 74 74
Uptonstad 67 74 65 50 51 97 76 78 81 76 72 72
North_Carleeside 58 59 57 47 57 100 90 76 70 77 70 70
Adahburgh 60 72 46 53 56 75 101 93 82 79 69 69
West_Cruzburgh 56 74 52 69 79 91 85 81 86 77 76 76
West_Royce 73 37 55 55 58 92 85 79 70 76 74 74
Johnnyland 52 35 64 63 51 99 80 102 83 76 75 75
Lebsackstad 45 54 49 71 72 67 73 88 86 76 75 75
Lesleystad 39 54 59 59 69 97 100 92 79 80 70 70
Eldonstad 71 46 56 54 71 95 77 88 72 75 72 72
Lake_Rhea 40 65 69 66 63 88 75 87 78 78 71 71
Geovanniview 37 64 67 70 70 94 95 85 80 77 75 75
East_Sandrinebury 46 58 61 49 62 64 101 82 73 78 76 76
Amyport 48 70 58 53 53 72 85 77 82 76 72 72
Corrinemouth 64 62 68 50 54 98 101 89 70 76 70 70
Hillland 49 59 66 47 67 76 87 90 71 77 68 68
Port_Jaleelburgh 75 66 46 51 73 79 83 83 72 75 76 76
Lake_Evaberg 42 50 48 55 78 81 66 89 76 78 71 71
Virgilmouth 39 58 52 72 57 61 72 102 71 79 71 71
Anibalbury 64 35 51 72 73 76 95 100 77 79 76 76
New_Berry 54 75 63 55 73 78 84 90 84 75 68 68
West_Willyborough 67 43 52 56 52 95 90 86 73 76 71 71
Juliehaven 42 70 65 70 66 88 69 88 70 80 72 72
Ninabury 75 34 61 76 65 68 94 85 71 80 73 73
New_Lindsay 64 56 49 48 58 57 72 99 74 77 69 69
Lake_Zakaryview 72 45 62 76 50 72 91 99 80 77 69 69
Nakiamouth 46 63 64 50 56 90 91 101 72 75 69 69
Lake_Adrain 74 55 58 64 69 71 67 81 73 75 68 68
Ullrichview 60 57 50 55 78 95 71 96 74 79 73 73
Morarport 46 39 55 56 63 66 105 103 79 79 74 74
Trinityport 68 37 70 66 80 60 71 101 74 78 75 75
Mariloushire 40 75 70 45 57 72 97 97 82 79 73 73
South_Emmafurt 49 72 47 57 66 92 67 83 79 77 71 71
Port_Lilianahaven 50 58 66 56 58 68 102 82 84 76 73 73
Schinnerland 41 70 66 46 76 57 77 97 80 80 69 69
Delphaberg 63 54 60 70 55 69 78 96 75 75 68 68
West_Kyleighhaven 33 60 67 58 54 57 87 102 86 78 76 76
North_Davontefurt 53 58 59 65 70 77 89 77 78 78 73 73
Lucilebury 67 55 70 54 78 80 76 87 78 75 70 70
East_Lonnyfort 68 60 69 54 77 88 88 102 81 79 71 71
North_Enochborough 55 39 61 52 56 72 69 104 85 77 68 68
New_Estrellashire 59 75 68 74 64 83 105 92 72 80 72 72
Abigaylemouth 75 56 54 70 55 93 91 96 70 78 69 69
Filibertomouth 38 33 57 76 75 95 85 77 71 75 75 75
East_Winona 66 75 48 75 72 78 67 90 77 79 68 68
New_Elizashire 49 66 66 68 70 64 76 96 85 75 73 73
Bahringerhaven 43 56 56 72 74 100 72 94 80 76 68 68
Zulabury 61 34 58 54 68 99 87 94 79 77 69 69
Bashirianport 53 58 56 74 68 80 85 84 83 75 73 73
Goldnerside 33 59 55 55 70 78 104 75 77 77 73 73
New_Isidro 70 46 57 49 66 82 76 79 76 80 69 69
West_Alecfort 40 66 51 76 68 88 105 95 80 77 72 72
West_Salliemouth 75 45 46 69 66 81 96 81 79 79 73 73
Lake_Winonaton 39 39 53 51 77 75 83 86 72 77 74 74
Lake_Noraborough 54 64 51 60 53 101 84 93 72 80 75 75
Port_Abagail 61 52 56 76 63 95 77 94 72 79 71 71
Port_Geraldine 48 41 47 56 70 65 95 82 75 75 73 73
South_Reneeville 36 37 52 47 80 82 89 94 70 76 76 76
Beierland 37 73 67 47 69 69 82 77 79 75 75 75
Hegmannhaven 63 40 64 48 54 70 100 81 81 78 72 72
Port_Alene 37 41 49 65 52 55 101 89 77 76 75 75
Halside 53 67 56 51 79 79 66 78 79 78 74 74
South_Abby 55 33 66 74 55 78 66 77 75 79 75 75
Lake_Laurynstad 53 56 65 61 58 64 65 93 82 78 73 73
Watersview 55 33 69 75 52 84 74 77 82 79 75 75
Hahnton 53 37 56 68 77 74 92 84 85 80 73 73
Dakotaborough 68 43 64 58 51 71 105 98 74 76 76 76
Dareshire 57 51 50 56 71 62 90 99 72 76 68 68
East_Jarrell 62 42 57 46 67 69 76 79 74 78 68 68
East_Mustafa 51 65 46 54 51 80 95 83 83 75 74 74
Orvalmouth 52 34 61 66 71 77 104 90 71 78 73 73
West_Marcel 32 44 68 45 78 86 85 88 71 75 75 75
South_Greenside 75 72 68 61 54 82 77 78 73 78 73 73
Corbinstad 44 51 69 47 55 75 103 80 80 78 76 76
Jarentown 36 69 62 66 71 77 77 94 86 76 72 72
New_Hilbertfort 64 54 67 47 51 100 80 103 81 77 70 70
West_Vena 46 75 47 65 68 75 80 78 84 78 75 75
Port_Tom 55 50 70 50 70 86 79 79 83 78 75 75
Travismouth 40 36 66 76 69 99 83 82 72 79 71 71
Lake_Nicole 45 60 56 74 69 93 96 85 70 75 76 76
East_Cecilia 75 53 70 66 57 72 81 95 86 77 72 72
North_Milford 42 58 66 69 61 89 70 76 73 79 70 70
East_Deonteland 39 58 58 72 70 99 78 96 80 75 74 74
Kuhnshire 59 43 55 75 73 88 67 96 72 75 70 70
East_Ollie 74 43 46 54 61 92 104 82 75 80 73 73
Prosaccoland 51 59 61 75 56 88 89 95 70 78 74 74
Port_Josiah 59 69 53 51 63 61 94 96 78 80 70 70
Mozelleside 60 37 50 75 63 70 97 81 85 79 68 68
Rowehaven 52 64 70 71 57 81 74 85 82 75 76 76
Modestomouth 38 67 54 70 56 96 86 103 86 78 70 70
Mertiestad 75 62 56 67 66 76 100 89 73 75 76 76
East_Koreystad 48 38 49 72 56 97 70 75 73 78 76 76
Zemlakhaven 33 33 51 51 57 70 95 78 83 76 75 75
Murphyfurt 59 75 66 69 63 76 83 77 77 78 73 73
Lucioustown 46 42 64 75 56 64 70 88 82 79 69 69
Port_Leann 53 51 69 59 60 84 85 92 79 76 76 76
East_Bryanamouth 41 49 64 49 73 65 67 84 70 78 72 72
East_Turner 69 49 49 56 69 75 104 103 84 78 73 73
Binsfurt 49 59 66 74 51 89 66 102 77 75 72 72
West_Albertamouth 75 66 49 56 61 64 66 97 76 75 75 75
Titusville 44 35 48 75 59 90 93 80 76 78 70 70
Kingfurt 46 53 60 59 76 60 77 89 70 75 69 69
Ewellshire 59 42 51 58 52 58 85 78 84 77 71 71
Rippinside 37 44 51 59 60 74 99 77 85 77 68 68
New_Burleyshire 72 40 47 70 63 72 93 86 74 78 72 72
Lucindabury 38 37 58 47 57 91 74 91 74 75 68 68
New_Cesarville 42 65 60 74 50 55 99 91 86 77 68 68
Christinaborough 68 40 55 48 55 73 67 92 81 78 69 69
Armstrongberg 48 54 55 74 50 92 93 76 81 75 69 69
East_Darion 68 46 54 52 55 69 104 80 78 79 74 74
Kaciefurt 32 65 52 59 73 63 99 102 75 77 73 73
East_Ernie 62 73 48 57 72 63 73 90 80 78 74 74
Brainbury 34 48 68 57 70 83 96 75 80 78 71 71
Lake_Bailee 40 33 51 49 56 68 77 97 77 80 76 76
East_Tommieberg 51 37 55 66 68 58 88 89 72 79 69 69
West_Billiestad 60 44 54 55 73 89 72 76 74 79 69 69
Hintzshire 69 53 64 70 64 93 91 86 82 75 72 72
Mooremouth 42 65 66 67 69 70 90 98 81 76 68 68
New_Name 62 36 64 61 79 61 105 80 80 75 68 68
Salliechester 53 70 56 75 74 63 65 76 86 79 75 75
Hayleyberg 43 54 58 46 74 73 86 89 73 79 73 73
South_Lourdes 59 54 56 72 50 90 79 75 82 77 68 68
Gorczanyville 72 47 60 58 76 67 82 94 81 79 76 76
Brekketon 39 32 58 75 66 94 76 95 84 76 72 72
Port_Nils 32 42 61 65 50 87 86 94 80 77 75 75
North_Amieview 56 71 67 57 78 84 74 92 73 75 72 72
Cierraville 37 73 50 45 60 73 96 86 75 78 68 68
New_Eli 34 58 51 47 58 64 105 83 84 77 69 69
Weissnathaven 60 41 48 63 79 67 99 101 85 75 73 73
West_Claudine 62 63 63 58 58 101 70 80 74 79 72 72
New_Alysachester 33 63 68 59 72 70 95 95 73 77 71 71
East_Lolitaside 58 42 67 55 75 55 93 76 70 80 68 68
O'Kontown 52 33 50 56 55 97 87 90 70 77 75 75
Lake_Joesphville 35 71 64 47 72 76 84 83 75 77 72 72
South_Ivybury 35 33 61 50 56 98 93 82 73 80 68 68
Port_Heberland 53 32 47 62 66 61 100 82 70 80 69 69
East_Zackery 35 58 68 46 78 59 68 76 76 78 76 76
Trompmouth 42 56 54 52 76 97 88 102 71 75 69 69
East_Roger 75 32 70 73 74 68 103 93 81 75 70 70
Lake_Tess 53 61 52 69 58 88 102 99 78 80 76 76
Lake_Libbieville 75 65 61 53 62 88 99 76 86 78 75 75
Shanymouth 71 44 70 49 72 94 90 104 85 77 73 73
Harberville 51 61 63 51 52 89 104 79 85 75 75 75
East_Leannshire 64 34 54 48 54 78 77 80 82 76 70 70
Marysechester 74 69 54 72 78 94 90 94 77 76 68 68
New_Natalie 58 43 57 60 74 73 90 86 80 79 72 72
Bogisichview 56 70 62 46 68 75 87 105 85 77 76 76
North_Kennediburgh 68 40 67 52 69 64 67 94 78 79 73 73
Tonyshire 71 53 62 70 50 62 91 83 82 78 75 75
Domingoside 33 68 62 67 69 73 68 85 71 79 75 75
North_Verona 40 41 68 66 69 91 83 95 72 80 70 70
Lake_Jewelberg 50 36 62 67 61 86 75 81 75 77 69 69
Lake_Hazelport 71 68 65 61 72 78 94 100 85 76 75 75
Nelsonland 62 44 60 45 79 77 69 75 72 76 70 70
Greenholtside 72 57 69 59 77 88 72 76 78 75 68 68
Ibrahimbury 38 74 52 67 60 64 68 91 80 80 71 71
Kesslerview 51 33 63 56 74 83 94 84 84 77 75 75
Port_Monicaside 32 56 68 58 53 99 88 102 78 76 70 70
Lonborough 57 72 70 50 79 80 74 101 74 80 74 74
Gaylordfurt 35 59 62 67 50 85 81 81 86 80 73 73
West_Danialport 38 52 53 67 60 60 96 85 78 79 75 75
Heatherville 69 69 70 48 64 62 66 98 77 76 71 71
Runolfssonfort 66 70 69 76 71 60 82 76 81 79 69 69
Hamillton 69 69 49 65 56 68 78 84 78 78 72 72
Goodwinport 42 68 49 58 61 83 70 93 71 77 70 70
Beckerberg 47 46 53 57 50 88 104 84 83 75 73 73
South_Jacinthe 37 75 47 51 63 90 100 85 76 78 76 76
Pfeffermouth 36 49 65 67 54 60 85 87 74 79 74 74
Mayerport 75 73 68 60 53 79 67 88 75 77 72 72
Port_Katarina 64 61 49 47 66 72 73 85 86 76 76 76
North_Celestinoland 56 57 56 67 66 65 68 89 82 78 75 75
East_Rhodaport 66 62 56 52 66 96 75 80 84 77 73 73
South_Julienfurt 58 56 65 57 57 68 81 86 86 76 70 70
Durwardland 39 70 70 59 75 77 78 96 76 78 68 68
New_Braden 48 68 67 59 78 93 83 94 70 79 72 72
East_Theron 32 57 60 62 63 79 104 89 80 80 68 68
East_Gaetanoland 51 48 68 56 78 59 68 96 80 77 76 76
Goodwinville 54 70 56 61 68 96 83 77 83 75 73 73
New_Porter 75 72 58 47 68 73 68 86 76 75 72 72
Corkeryside 69 33 67 58 66 74 83 92 82 79 68 68
Lake_Darion 40 75 68 71 78 62 75 83 75 80 76 76
Thielview 64 61 70 55 60 76 75 97 71 75 69 69
East_Linda 60 57 46 76 76 98 95 85 77 76 71 71
New_Billyport 51 64 68 75 52 97 105 102 83 77 69 69
North_Litzyton 42 51 55 65 50 61 71 100 70 79 72 72
North_Murl 53 51 68 72 66 69 92 99 73 76 68 68
East_Cristal 74 71 61 72 68 76 105 88 86 79 68 68
Port_Lillaland 57 60 49 56 52 99 99 76 76 75 75 75
Bernicemouth 64 59 52 47 73 59 101 75 84 77 69 69
East_Enolaport 60 42 63 75 63 62 105 105 74 75 75 75
East_Ellie 54 42 49 55 72 99 90 82 73 78 76 76
Marisamouth 36 33 65 71 63 93 96 82 80 75 73 73
Lueilwitzton 47 58 50 50 77 86 77 100 79 79 69 69
North_Eveline 37 38 60 55 59 76 94 91 76 76 72 72
Lake_Deonte 45 51 55 53 52 81 75 95 76 76 68 68
South_Hayden 44 52 63 53 50 79 93 90 75 79 72 72
Kertzmannview 44 56 64 59 53 56 73 102 71 76 71 71
Port_Marilie 42 34 69 75 74 76 87 98 85 78 68 68
Abdullahborough 58 61 64 70 70 56 65 89 86 78 70 70
Lake_Lysanne 71 68 49 45 79 61 103 79 86 80 69 69
Port_Teresa 71 70 49 45 79 93 84 92 71 78 73 73
Marjolaineville 65 74 62 66 62 75 67 83 78 77 68 68
East_Graysonbury 71 65 61 54 52 60 71 75 73 75 69 69
Hymanland 62 41 67 58 63 96 71 100 71 79 73 73
Aidamouth 64 36 66 73 75 94 100 79 84 75 70 70
Millsshire 67 57 68 65 52 92 93 101 71 77 71 71
Hilbertside 70 66 51 45 70 76 65 100 79 77 72 72
Estelshire 46 61 62 63 50 89 74 84 80 78 71 71
Rennerburgh 32 48 47 59 66 68 76 83 74 79 68 68
Ebertshire 61 64 49 53 69 88 77 83 70 78 69 69
North_Sean 49 70 69 71 69 73 86 75 76 75 71 71
North_Buddy 37 55 57 54 58 89 86 94 73 76 76 76
Port_Philipborough 42 71 63 51 59 56 82 76 71 77 75 75
Mannhaven 56 74 49 47 72 95 79 76 75 75 68 68
New_Jalon 56 41 65 54 57 63 72 104 80 79 73 73
Lake_Amostown 39 74 66 74 65 80 101 77 79 78 68 68
Lindgrenland 51 70 68 51 66 82 104 76 72 77 71 71
Muellerbury 47 59 61 73 74 82 74 83 70 78 73 73
Gunnarfort 38 71 68 46 70 84 82 81 74 77 74 74
Macichester 38 39 54 60 74 81 65 82 81 76 75 75
Ivoryburgh 46 50 56 49 73 96 91 78 78 80 69 69
Lake_Natalie 72 58 50 49 50 72 78 89 80 80 73 73
North_Lenoraview 53 34 47 68 53 68 74 104 74 78 70 70
East_Alexa 74 33 64 65 78 79 94 88 83 79 75 75
Wintheisermouth 34 58 54 45 70 66 75 76 74 79 74 74
North_Allison 47 43 46 56 58 99 96 95 75 79 69 69
North_Uriah 42 73 67 45 65 75 104 97 83 79 70 70
Lindgrenchester 35 73 61 46 69 74 78 85 77 79 76 76
South_Ivory 34 40 54 56 71 98 67 95 85 76 76 76
South_Maximilian 63 51 69 48 78 95 73 83 79 80 75 75
North_Manleyton 52 56 64 50 59 75 86 81 79 79 70 70
Conroymouth 39 34 60 51 66 59 100 80 74 77 72 72
Linneafurt 64 67 58 55 58 56 80 90 70 76 72 72
North_Aleenberg 56 61 61 65 60 63 96 102 79 75 76 76
Beerton 43 66 59 61 64 79 71 97 84 76 75 75
West_Natalie 39 63 53 64 74 101 74 102 86 77 72 72
New_Kristaburgh 51 48 67 50 55 86 92 77 80 77 74 74
Raeganfort 32 65 51 54 62 86 98 100 85 79 69 69
North_Boydshire 64 38 55 55 63 61 78 83 73 78 73 73
Hilperttown 45 49 65 45 65 97 91 105 83 76 72 72
Port_Kaialand 47 42 63 59 79 71 97 88 77 77 73 73
South_Ivaside 49 43 52 70 63 75 96 84 74 78 75 75
New_Marleneton 62 62 49 59 64 100 81 82 83 76 75 75
New_Stefanie 65 70 47 45 59 73 77 100 76 78 69 69
Hubertchester 72 71 46 72 76 86 70 97 83 80 72 72
Ronnystad 45 62 57 56 59 71 87 88 85 79 69 69
Lake_Wellington 73 66 56 57 77 85 73 75 80 78 75 75
West_Donavonhaven 67 35 64 70 54 55 83 100 83 75 71 71
East_Nicholefurt 55 66 64 51 80 58 98 85 83 79 70 70
West_Inesfort 58 58 65 52 62 82 84 96 85 79 76 76
West_Etha 44 53 60 45 73 82 83 85 82 76 70 70
West_Ron 73 41 46 59 64 91 105 92 75 75 70 70
Lake_Gloria 59 55 47 49 67 76 65 97 84 76 71 71
Laviniastad 66 36 59 68 77 56 68 100 76 77 69 69
Schuppeton 69 66 63 63 77 98 101 105 74 76 70 70
Mertzport 50 44 62 70 65 92 70 89 73 78 70 70
Daughertyfort 70 73 65 71 61 83 65 88 77 76 76 76
Lake_Annettaberg 38 62 49 73 73 100 102 97 73 79 73 73
Jacobichester 70 55 60 57 54 88 70 100 77 76 68 68
Aishaside 68 34 64 67 54 77 94 75 79 80 74 74
Bergstromton 40 48 68 63 60 85 84 100 75 77 74 74
Port_Kiraville 58 59 51 52 77 63 96 105 73 75 68 68
New_Devonville 52 34 56 61 63 93 90 104 85 77 69 69
West_Richard 62 56 55 47 71 87 94 104 77 75 73 73
North_Roderick 67 36 46 53 64 58 73 95 73 79 69 69
Selinatown 64 36 64 57 66 101 81 77 84 79 74 74
Bernhardborough 49 57 61 66 75 58 66 91 86 75 71 71
Tremaineland 47 48 51 64 65 100 74 101 82 76 74 74
Tadshire 75 53 51 69 73 101 103 102 83 80 68 68
South_Cieloburgh 35 52 67 63 65 89 86 95 73 77 71 71
Rippinside 55 64 61 62 69 58 79 87 80 79 68 68
Jenniefort 38 67 46 62 60 95 72 99 81 76 76 76
North_Melyssafort 68 33 67 49 77 82 99 89 73 77 68 68
Shaniahaven 54 69 58 55 55 73 81 89 71 76 68 68
Arnaldoside 61 48 62 57 75 59 87 86 84 78 69 69
South_Candidoberg 74 44 66 56 50 72 65 91 84 78 76 76
West_Maryam 50 61 66 70 69 80 67 88 74 78 75 75
Boehmville 66 41 70 49 67 70 95 85 74 75 73 73
North_Juwanstad 58 45 64 58 77 62 91 100 78 76 71 71
Bradtkeside 42 55 61 70 60 88 81 92 70 78 76 76
Jaskolskifort 65 53 57 61 57 99 95 96 80 79 70 70
Reggieville 43 49 53 55 68 81 78 78 76 76 70 70
Gusberg 45 44 59 52 55 67 91 85 85 79 70 70
Franeckifurt 53 69 67 70 68 64 85 90 78 79 72 72
New_Eudoraborough 62 54 51 53 64 56 68 103 78 75 73 73
East_Winifredfurt 71 73 65 71 52 98 103 104 81 75 73 73
East_Sarina 42 48 49 73 50 88 100 82 86 78 71 71
Herzogshire 57 46 53 51 54 93 79 88 76 78 76 76
Harberstad 71 33 64 55 54 93 75 90 85 77 69 69
Stephanmouth 48 58 68 55 73 93 75 92 76 76 68 68
Diegostad 67 67 67 61 58 74 89 82 79 75 68 68
Lottieborough 65 74 55 48 78 90 81 85 78 76 71 71
East_Sashaborough 49 42 68 66 70 74 72 80 73 76 70 70
Dayanabury 53 61 66 57 73 57 87 104 85 75 75 75
Cathyburgh 33 40 48 74 77 82 91 78 74 80 72 72
Casperborough 59 72 49 58 51 91 77 83 79 80 74 74
East_Altamouth 74 67 48 65 66 86 90 83 79 79 69 69
East_Abdieltown 73 45 54 70 75 67 98 81 72 77 71 71
North_Bethelfurt 67 46 64 46 55 66 76 83 76 75 71 71
North_Estellastad 73 58 56 49 74 96 72 95 83 75 73 73
New_Axel 62 71 57 65 79 69 88 94 86 75 73 73
Zacharyport 37 46 64 47 75 64 83 77 86 75 68 68
Farrellland 34 62 62 68 64 101 90 89 81 75 69 69
Lake_Maximeland 52 35 53 54 78 92 74 105 76 75 71 71
Hassanmouth 49 67 47 52 51 69 65 87 84 80 75 75
Swaniawskiville 57 62 65 49 75 62 89 98 86 75 69 69
Williamsonstad 51 70 66 67 74 71 99 82 85 78 76 76
East_Einobury 56 48 52 47 73 80 102 101 80 75 72 72
Leopoldobury 35 49 54 68 53 59 92 85 79 75 70 70
Lonzomouth 70 54 55 67 72 64 78 84 70 77 72 72
New_Doris 66 50 63 55 76 101 95 94 72 76 71 71
Dillanland 73 56 65 67 50 75 68 91 83 78 70 70
Connerborough 68 52 66 68 70 90 96 80 83 77 73 73
East_Willafurt 41 50 54 64 70 84 79 99 82 80 73 73
Kertzmannfort 69 67 69 60 73 59 67 79 75 79 73 73
Bricefurt 36 75 70 58 57 86 68 104 75 77 69 69
Nitzscheborough 58 48 49 71 52 70 77 102 81 78 75 75
Hillsbury 46 63 52 64 55 88 78 90 71 77 73 73
Borerburgh 47 56 49 47 69 73 65 97 74 75 69 69
East_Billie 75 67 53 72 73 62 100 85 79 78 76 76
Emmanuelleland 72 69 48 74 61 80 86 94 75 78 68 68
Vanessachester 67 72 59 67 77 95 67 102 78 79 73 73
Monserratechester 53 45 59 60 54 87 91 92 80 76 71 71
Edwardoside 60 33 50 64 73 93 100 80 70 76 76 76
Gottliebland 47 66 47 45 65 75 72 98 81 77 76 76
South_Caterina 55 53 55 60 66 93 76 104 72 80 69 69
Donnellychester 37 48 62 56 75 78 78 80 71 75 72 72
Hannaburgh 51 43 61 58 52 70 90 104 83 78 70 70
Beckermouth 44 53 62 65 69 75 65 76 74 79 71 71
Hellerfurt 50 47 49 64 66 73 92 105 84 75 71 71
Mathiasmouth 44 33 52 56 53 85 94 76 71 76 74 74
Nyahville 50 46 46 63 76 68 68 79 84 80 75 75
Isacville 40 65 54 45 78 55 85 80 71 76 74 74
Lake_Joaquinstad 33 39 53 71 67 79 75 79 81 76 72 72
North_Laurelburgh 55 65 58 59 65 73 90 75 77 80 74 74
North_Zoeymouth 73 56 55 54 68 69 105 75 85 75 71 71
Willmouth 64 37 51 76 67 99 99 86 84 75 75 75
Havenbury 36 64 64 59 65 101 90 77 77 80 74 74
Hertaton 54 74 63 51 54 85 67 100 72 80 76 76
West_Domenicaland 56 60 57 60 73 55 100 83 79 77 69 69
Greenfeldershire 48 41 63 74 76 86 93 93 73 80 74 74
Port_Jacklyntown 58 47 58 58 53 89 65 95 80 76 75 75
Lake_Norberto 69 40 60 76 60 60 104 90 72 79 74 74
Kertzmannville 42 43 70 69 73 97 65 100 79 75 68 68
Baileyfurt 32 72 59 76 70 101 103 75 80 75 74 74
Aracelyton 45 73 53 53 51 63 74 93 74 76 74 74
Howefurt 61 50 62 76 79 93 96 87 77 75 73 73
North_Llewellyn 43 73 66 51 76 84 90 78 76 75 70 70
Kleinshire 52 38 65 62 74 64 101 78 85 75 71 71
East_Kayley 67 72 59 75 69 77 82 99 85 76 73 73
Lake_Marcos 65 44 61 61 59 81 68 92 78 80 71 71
D'Amoretown 42 60 56 67 80 87 72 99 84 79 76 76
North_Olin 34 32 54 70 64 85 76 89 72 80 75 75
Kassulkeland 56 74 49 62 55 62 90 105 72 76 69 69
Shyannetown 57 41 58 62 80 87 95 96 71 78 68 68
South_Janniehaven 61 73 51 69 70 80 73 86 78 79 70 70
Lake_Turner 46 64 52 54 65 86 100 88 74 77 76 76
Harveyville 69 71 55 70 77 75 80 102 76 75 68 68
Karianneview 37 54 66 64 58 97 82 79 72 78 72 72
Douglasmouth 44 46 65 66 66 87 92 78 81 76 68 68
Dorthytown 38 72 54 53 75 55 101 80 81 76 75 75
Lake_Erwin 46 58 52 70 62 89 69 97 72 80 70 70
Lake_Hipolitoberg 36 44 52 67 63 82 103 102 81 80 76 76
Port_Kathlynhaven 73 65 50 61 64 79 103 105 70 80 72 72
Lake_Magdalenton 44 38 54 49 66 89 99 94 83 80 72 72
Breanneview 35 54 48 47 62 68 101 85 74 78 73 73
North_Maud 64 33 69 52 55 93 67 103 85 77 74 74
Parisianbury 38 34 70 48 70 69 65 97 85 80 68 68
Merlbury 52 69 68 53 59 96 65 84 84 76 70 70
Cristobalchester 45 69 63 72 74 72 74 82 77 79 76 76
Trantowmouth 35 67 58 47 58 79 82 93 82 78 74 74
New_Wilbert 63 38 70 51 80 75 100 95 83 77 69 69
New_Waldotown 41 54 47 56 72 68 86 104 85 78 70 70
Fritschmouth 49 47 50 58 54 58 96 75 82 79 72 72
Lake_Kyla 41 70 48 50 79 59 65 76 85 75 69 69
Dayanafurt 55 62 61 67 69 95 101 78 77 77 70 70
Darianaberg 60 36 48 57 56 67 85 76 81 80 74 74
Lake_Allenmouth 71 71 59 50 50 75 78 81 76 78 73 73
Port_Ernestinemouth 36 58 56 72 55 68 101 80 71 78 68 68
South_Laurynfurt 75 45 54 55 73 94 79 76 74 75 68 68
Goyettefort 51 55 48 62 52 86 98 82 75 75 69 69
Mortonberg 58 60 59 54 66 57 104 82 74 79 73 73
Lake_Joannie 73 60 52 52 51 99 75 103 78 79 74 74
Daughertybury 71 49 64 73 53 72 73 105 79 78 69 69
Roelside 69 43 48 76 57 86 73 75 74 79 71 71
West_Julie 46 34 58 66 76 80 88 97 71 78 75 75
Minniefurt 37 74 48 71 64 94 88 95 77 80 71 71
West_Dortha 48 70 66 54 59 66 104 87 72 78 72 72
Jacobsview 62 32 46 55 72 86 75 95 84 79 71 71
New_Maybelleport 59 32 53 48 52 79 88 104 82 79 70 70
North_Michalechester 38 66 52 45 75 68 101 100 80 78 71 71
Walkerview 72 32 60 45 64 70 66 79 77 76 74 74
Josetown 73 52 49 58 71 84 66 89 84 79 68 68
Parisianfort 65 35 49 55 78 61 98 84 83 76 74 74
New_Emoryberg 75 52 65 61 73 91 77 81 77 80 72 72
Lake_Charliestad 53 42 65 68 73 83 96 99 78 75 72 72
South_Kelsi 37 37 59 64 72 89 80 104 77 77 71 71
West_Curtport 53 63 61 45 59 87 104 105 76 79 71 71
Tarynhaven 67 66 62 56 66 92 93 78 75 79 68 68
Madelynnfurt 44 40 64 72 51 88 88 103 72 80 68 68
Verniemouth 57 32 58 56 56 80 65 80 74 76 70 70
Micheleport 44 61 59 47 63 80 69 83 81 80 76 76
West_Kayliemouth 66 51 57 74 78 62 80 103 74 80 74 74
West_Kirk 66 40 70 55 80 65 94 83 81 75 69 69
Favianmouth 40 71 68 49 58 88 97 86 71 80 73 73
North_Mosetown 52 64 46 53 78 96 78 80 72 78 70 70
Port_Triston 40 44 59 64 66 60 97 90 76 80 73 73
Boyleborough 69 55 61 50 77 100 89 86 75 75 74 74
Pricebury 51 54 62 48 64 82 70 93 75 79 73 73
Ebonyton 64 43 60 60 62 72 95 93 82 76 75 75
West_Odamouth 71 32 61 55 61 90 96 88 71 78 69 69
Obieberg 62 39 58 52 75 62 100 81 77 77 71 71
Todtown 41 71 67 65 75 76 81 83 78 80 75 75
Port_Stacyborough 68 38 48 59 53 59 83 87 75 77 69 69
North_Gaetanostad 59 54 46 49 59 73 66 86 86 80 69 69
Lake_Carroll 33 43 50 54 57 76 78 96 82 79 70 70
Lake_Edisonfort 38 38 70 57 51 80 85 84 82 80 73 73
Marinaborough 50 71 46 62 59 88 95 100 84 76 74 74
Emilianochester 70 36 70 56 67 82 90 83 70 78 76 76
Ricohaven 50 67 69 62 72 81 66 87 85 77 68 68
West_Danykamouth 65 66 54 56 77 68 104 102 83 79 76 76
Port_Victoriachester 72 37 67 72 58 91 81 102 85 78 69 69
Jovaniborough 66 69 64 59 57 70 70 98 80 78 70 70
West_Dorothy 49 55 63 75 60 93 90 92 80 76 73 73
North_Sofia 50 54 54 48 56 84 75 76 72 78 74 74
Marleneberg 44 58 63 71 63 86 93 103 84 79 72 72
East_Rosalia 61 43 62 49 78 74 67 100 74 79 75 75
Ezramouth 71 34 52 71 55 70 67 80 73 79 70 70
Hahnside 62 40 68 52 71 59 74 96 74 77 74 74
Nedrachester 35 45 46 49 77 68 81 94 81 78 72 72
East_Marianborough 37 66 55 53 72 66 74 96 83 78 71 71
West_Melvinaborough 45 35 55 76 79 68 85 85 71 75 73 73
Lake_Glen 75 74 55 67 59 79 89 95 84 80 70 70
Handbury 53 55 46 71 58 74 73 97 83 76 69 69
North_Jacques 56 32 54 58 50 59 101 75 71 80 68 68
Lake_Dave 48 65 69 46 66 88 88 92 78 77 71 71
South_Antonioburgh 68 66 68 67 58 58 105 94 71 78 76 76
Eleazarland 74 69 67 62 63 69 93 92 86 78 72 72
South_Doug 56 49 49 72 54 60 73 90 80 77 72 72
North_Tonyland 73 57 56 58 61 55 76 87 78 77 72 72
Torphytown 50 62 64 65 76 81 84 89 84 75 68 68
Lake_Leda 58 71 55 56 60 101 82 82 72 76 76 76
North_Willard 54 60 49 49 73 58 92 102 70 78 68 68
East_Vidalmouth 64 42 70 75 58 95 85 94 73 77 74 74
East_Rosalyn 62 33 60 55 77 95 89 87 75 80 70 70
Rooseveltview 34 35 68 63 77 92 78 77 80 76 71 71
Fadelmouth 70 58 61 55 69 59 80 78 77 75 71 71
Vidaport 68 51 62 70 79 101 86 100 74 76 74 74
North_Zack 73 62 48 68 69 78 88 83 79 80 69 69
Ondrickaland 53 53 52 54 55 68 89 96 84 76 68 68
East_Danielle 67 59 65 75 50 74 76 88 86 80 73 73
New_Leila 54 57 53 62 52 93 102 99 81 76 68 68
Destineyborough 60 74 70 54 67 90 103 102 74 80 73 73
Langoshtown 71 40 49 65 67 73 95 101 73 77 68 68
Jonathanfurt 67 67 67 67 76 73 74 77 76 80 74 74
South_Shayneton 58 41 58 63 66 73 100 78 73 80 76 76
Lake_Ansleyside 70 57 59 65 74 86 74 93 79 75 73 73
New_Claireview 35 39 58 46 58 90 97 103 76 78 74 74
Cormiermouth 33 47 65 45 72 80 101 98 78 76 71 71
North_Juanahaven 63 73 52 74 63 98 92 82 71 78 75 75
West_Reinholdview 58 33 56 47 69 79 96 77 78 76 72 72
Cristobaltown 64 39 62 59 55 95 95 90 83 75 68 68
Stokeshaven 58 56 61 67 63 88 91 86 71 79 76 76
Alport 61 47 53 72 68 91 101 76 71 78 73 73
North_Eleanore 44 58 48 75 58 63 80 95 77 75 70 70
Port_Robertland 67 50 63 47 52 96 104 77 82 76 72 72
Lyricfurt 62 33 50 68 60 63 84 101 73 77 70 70
Creminchester 52 44 54 67 69 57 67 105 78 80 72 72
Cristfort 48 67 63 69 70 83 84 90 78 76 75 75
West_Ethan 32 68 66 65 60 70 73 85 77 79 69 69
Cartermouth 75 71 66 51 70 63 104 96 78 75 72 72
West_Judah 66 44 62 59 63 73 65 92 76 76 69 69
Marlinmouth 67 58 61 54 56 79 96 87 86 76 71 71
Luluborough 41 66 58 58 58 92 83 88 84 79 71 71
New_Elinoreburgh 58 35 48 46 60 61 102 101 81 80 72 72
Lake_Tania 72 38 64 57 52 61 97 79 78 79 74 74
Gussiefort 38 54 54 56 67 64 68 94 73 77 71 71
Bradstad 44 37 59 54 76 77 95 105 83 76 73 73
Clintonview 43 44 68 62 57 85 102 87 73 76 68 68
Port_Jessyca 54 60 60 46 52 86 92 82 83 75 74 74
Wildermanland 48 70 60 73 63 83 98 96 75 79 70 70
New_Jeremie 46 33 58 51 62 64 82 98 77 79 74 74
Torphybury 40 68 62 75 64 101 87 100 79 78 74 74
South_Sheldonfort 36 68 70 61 56 86 72 102 82 76 73 73
Jeffrychester 64 36 54 69 70 86 103 103 76 78 70 70
South_Noelstad 53 55 67 70 79 72 94 81 77 79 70 70
Donnellytown 72 65 69 45 58 74 94 101 83 80 72 72
New_Terrence 45 32 47 69 57 78 83 91 81 79 73 73
Lindaborough 69 43 61 64 58 100 70 81 82 77 72 72
Jaskolskimouth 39 39 51 47 57 79 97 97 84 77 69 69
Lockmanburgh 52 53 64 68 61 86 65 79 70 75 73 73
North_Vickyland 37 63 60 75 78 80 95 90 79 79 69 69
Amaraland 63 35 47 67 74 70 70 85 80 78 73 73
Port_Dolores 35 32 53 72 63 68 71 88 85 78 68 68
Goyettehaven 61 73 61 65 60 69 94 87 72 75 72 72
New_Jeromy 58 68 65 62 67 64 103 95 81 77 76 76
Jarenfurt 48 68 48 54 57 74 98 101 72 77 72 72
Konopelskihaven 56 58 68 76 65 55 94 105 75 78 70 70
Port_Kathleenton 67 32 56 56 58 88 97 99 70 79 69 69
Samirport 62 57 64 72 57 93 99 86 71 75 71 71
Hegmannport 48 61 51 48 65 87 96 104 72 75 74 74
Schmittland 71 40 56 62 65 98 79 99 72 75 69 69
Vonberg 46 70 50 73 59 92 65 78 72 77 71 71
New_Kim 55 72 58 63 56 60 101 81 76 79 76 76
Kovacekberg 50 72 55 50 66 93 98 99 76 80 74 74
West_Evalyn 48 64 63 71 50 101 65 101 75 79 76 76
Zboncakview 51 59 59 51 57 89 86 99 85 78 76 76
Pfefferfort 32 67 50 69 74 65 104 96 79 76 73 73
East_Shaunhaven 39 36 67 66 76 80 103 85 83 76 69 69
New_Grayceview 42 55 57 62 79 61 94 83 73 78 76 76
Lake_George 49 71 46 64 67 88 82 76 84 78 73 73
East_Gwendolynberg 71 41 65 57 52 59 70 96 84 79 70 70
New_Karli 38 57 68 71 75 76 84 99 83 77 73 73
South_Fabiola 45 53 60 59 78 94 102 84 85 79 69 69
Lake_Mekhichester 38 61 48 66 76 96 65 92 80 77 68 68
Kylaburgh 65 54 53 56 65 100 97 86 75 76 69 69
Port_Nadia 53 60 60 60 56 69 84 91 80 77 72 72
Lake_Doylehaven 46 71 66 71 58 67 78 105 83 76 73 73
Zemlakborough 43 32 61 73 75 100 99 105 76 77 74 74
East_Leonora 42 64 59 47 55 86 78 83 73 75 69 69
Lake_Benjaminport 61 66 50 68 77 58 77 75 86 79 76 76
South_Aaliyahmouth 51 68 67 65 70 64 87 83 84 75 73 73
Port_Holdenport 47 37 58 63 78 62 79 86 72 75 68 68
Huelchester 62 53 55 48 61 92 79 105 85 76 72 72
Leslytown 61 36 46 45 73 66 95 105 73 79 68 68
Stehrton 54 69 66 75 68 73 80 88 78 76 74 74
Skilesville 55 33 52 62 79 72 90 94 72 77 71 71
Watersborough 69 55 67 55 51 76 75 100 83 75 75 75
Lake_Caleville 58 46 47 55 56 80 91 85 79 77 74 74
Juliaberg 67 65 68 45 69 68 84 93 80 76 74 74
Jaskolskishire 66 73 56 56 79 69 78 102 76 78 75 75
South_Ezequielborough 39 43 51 55 69 72 74 102 77 75 71 71
East_Marlenfurt 74 58 69 62 63 63 75 81 78 78 69 69
Lake_Daphneyburgh 41 66 67 68 52 60 91 85 82 78 76 76
North_Bettystad 51 64 51 53 56 68 105 84 73 75 73 73
Hoegershire 50 41 57 56 70 93 90 104 71 80 72 72
Sauerview 46 59 58 62 64 71 92 98 86 75 70 70
Francostad 49 42 48 63 79 70 97 88 72 76 71 71
New_Allene 64 62 56 72 72 60 103 78 86 77 73 73
Lillianfort 38 34 48 62 71 92 78 97 83 79 72 72
Port_Boris 40 70 70 60 58 87 97 104 86 78 75 75
Trompchester 65 66 69 66 55 60 103 101 79 80 72 72
Nitzscheshire 49 70 52 45 75 71 86 79 82 76 75 75
North_Noeliafort 34 34 66 68 50 94 95 94 86 80 73 73
Lake_Anabelleburgh 49 34 48 65 78 101 86 76 73 78 73 73
New_Bettechester 63 75 66 58 79 74 101 91 77 79 71 71
Huelchester 52 39 64 73 59 65 94 77 73 77 75 75
Skilesport 42 42 58 62 77 55 93 103 72 79 70 70
Raumouth 38 37 48 74 58 91 101 75 70 80 69 69
Alanmouth 57 42 48 54 54 83 102 76 75 75 75 75
Madisontown 70 36 58 72 72 81 65 95 78 76 74 74
East_Tamia 72 58 54 56 76 95 105 96 71 76 74 74
Port_Maritzaton 66 42 66 67 59 92 80 82 82 79 73 73
North_Paxtonmouth 46 43 47 55 72 55 94 91 75 77 71 71
Domenicfurt 37 42 60 58 54 55 97 91 71 77 76 76
Schneiderberg 49 59 48 72 66 75 93 86 83 76 76 76
Hoppeville 40 67 49 58 72 59 99 88 74 75 71 71
Port_Lloyd 60 60 64 46 58 76 105 93 84 78 73 73
Lake_Maximillianborough 57 47 65 48 69 98 84 81 81 80 68 68
Port_Maryam 38 65 65 48 57 81 77 77 79 75 76 76
Hellerbury 59 74 66 67 72 84 93 83 81 79 70 70
Cordiaton 63 34 69 62 78 61 70 77 82 77 70 70
East_Kitty 64 53 64 75 74 81 68 80 71 75 75 75
Rubietown 59 47 62 71 66 81 102 101 74 76 76 76
Luettgenview 45 41 68 63 70 58 101 90 85 78 75 75
Lake_Tiana 60 50 70 63 71 72 84 98 74 75 75 75
Port_Audrey 46 64 46 67 70 99 94 102 73 79 73 73
Yvonneton 56 72 55 65 60 100 65 94 81 77 69 69
East_Lauretta 39 32 69 52 65 80 93 96 85 76 68 68
Lednerfort 37 75 63 52 50 59 87 85 82 78 75 75
Boyershire 74 50 55 60 71 82 101 87 81 80 70 70
South_Olin 41 65 51 76 53 84 98 75 77 75 71 71
Lake_Pearlie 69 62 60 76 78 87 98 93 85 77 72 72
Westfurt 40 63 69 73 66 78 87 98 70 80 72 72
Cormierfurt 33 65 66 53 68 63 75 89 81 79 73 73
New_Audreybury 50 72 54 51 63 82 65 79 79 79 76 76
Heathcotemouth 60 66 59 70 75 80 104 93 81 76 69 69
Lake_Earlton 59 62 53 51 54 63 80 82 86 77 75 75
Port_Brenden 38 60 65 66 79 64 87 75 82 75 75 75
Mullerburgh 59 70 70 58 60 84 74 79 72 78 70 70
Jaquelinburgh 47 72 46 49 71 61 85 85 82 79 72 72
Lake_Darrion 68 49 56 67 68 59 83 82 84 76 74 74
Stammburgh 69 66 66 50 50 59 96 100 82 77 75 75
New_Aron 63 40 66 70 56 59 105 93 78 76 75 75
West_Eleonoreport 37 36 46 52 79 80 67 89 78 76 70 70
Columbusside 46 74 61 57 57 95 104 85 86 80 69 69
Olafton 63 36 64 50 68 73 98 94 72 79 69 69
Port_Issac 68 37 70 61 69 66 94 78 71 76 72 72
South_Ardellaview 58 60 53 73 53 82 88 93 79 79 71 71
Camronside 39 62 69 53 65 94 73 79 75 77 73 73
Ryanhaven 40 43 68 69 76 58 81 100 84 80 69 69
South_Rubie 74 57 53 70 55 64 71 80 77 75 69 69
Port_Timmothy 41 65 49 54 65 76 95 89 81 79 72 72
New_Tristinberg 56 73 55 76 67 100 76 105 77 79 68 68
North_Edwin 34 47 59 47 80 74 96 101 82 80 69 69
Larueburgh 48 43 51 57 70 77 82 105 86 75 72 72
North_Adrielfort 37 57 49 65 54 75 84 99 80 79 73 73
New_Jerel 52 56 49 71 73 78 95 80 82 80 72 72
Harmonbury 32 69 52 61 75 82 76 91 77 79 68 68
New_Maria 33 47 67 46 78 82 87 77 81 79 75 75
Rheaport 60 42 57 52 50 57 92 98 77 77 71 71
West_Helen 58 56 62 61 50 79 73 92 80 77 75 75
Macejkovicland 55 67 54 74 67 70 84 76 72 76 68 68
Lake_Phoebe 53 48 57 56 60 98 92 103 82 76 72 72
Saraihaven 57 67 70 48 52 92 86 79 72 77 74 74
North_Baby 49 59 66 71 71 55 72 79 70 75 71 71
Binsstad 37 65 56 71 54 73 73 85 77 80 73 73
Lake_Josiane 51 45 67 69 67 72 81 105 85 77 71 71
Friesenhaven 58 54 51 62 63 82 98 95 81 77 71 71
East_Audreanne 57 67 57 54 55 87 67 95 71 75 70 70
East_Evamouth 39 32 59 75 55 73 67 83 75 80 75 75
New_Mortimer 51 39 56 52 61 68 92 101 77 77 70 70
Port_Skylafurt 45 58 55 45 76 69 103 76 82 75 75 75
Kreigershire 40 56 60 56 76 84 99 81 71 76 73 73
Bernitastad 61 65 61 45 60 94 100 83 83 78 74 74
Budmouth 38 57 52 69 72 60 80 103 84 77 71 71
East_Alyceport 56 46 64 67 55 55 102 86 75 75 72 72
Schuliststad 64 44 59 45 75 93 71 80 81 78 70 70
Lake_Lucilehaven 55 46 70 74 54 62 70 93 80 79 75 75
North_Frances 35 70 64 63 55 57 96 90 84 78 73 73
Brakusborough 36 52 51 72 75 64 103 102 82 78 70 70
Krisbury 57 46 47 48 76 97 88 84 77 76 70 70
West_Mozelleton 50 50 49 59 68 93 81 86 72 79 73 73
Port_Erinfort 75 42 49 58 56 77 98 100 80 77 71 71
Janicebury 73 54 65 75 72 92 101 81 82 80 74 74
Aufderharland 75 63 54 48 76 63 72 85 71 78 70 70
Lake_Janetmouth 59 37 50 57 52 67 98 85 82 78 72 72
Mayermouth 39 70 53 46 58 97 89 105 82 75 71 71
Malvinaborough 32 58 48 65 64 55 93 80 79 77 69 69
West_Marilou 36 71 58 70 79 76 69 96 85 79 69 69
North_Ona 35 47 52 65 50 85 66 80 83 78 69 69
Ziemeton 74 67 65 61 59 61 100 105 82 76 73 73
Lake_Jeanettetown 73 60 66 76 79 93 102 93 83 77 73 73
Walshport 53 51 62 67 63 55 94 85 71 77 69 69
Port_Broderick 41 50 50 74 63 77 92 89 76 79 70 70
West_Ceceliastad 62 65 60 64 66 71 83 85 73 79 74 74
Port_Roxane 65 50 60 70 77 59 73 104 77 77 73 73
Chynaberg 32 57 59 46 52 71 103 93 73 76 76 76
Roweton 55 54 59 53 74 96 85 94 73 76 71 71
West_Jaclyn 47 44 67 64 65 62 82 104 79 75 76 76
Lake_Albinaport 71 35 63 51 58 86 65 76 81 76 68 68
North_Frederique 55 32 48 64 52 83 72 83 72 77 69 69
Reubenport 69 57 49 63 56 92 68 90 72 78 72 72
Schinnerchester 71 56 56 59 55 99 92 93 76 80 75 75
Nitzscheburgh 36 35 60 76 67 77 102 104 78 78 74 74
Lizziefurt 34 49 63 70 74 89 83 85 79 80 69 69
South_Ivy 71 61 50 51 80 87 84 95 84 75 73 73
Kristyport 66 71 58 62 60 80 97 90 80 79 71 71
Port_Jessy 33 46 50 57 64 63 87 98 76 76 75 75
Haneburgh 48 49 68 71 69 85 67 81 83 80 76 76
Mablemouth 71 42 68 47 52 84 96 104 72 77 70 70
Kyleighbury 49 38 46 69 70 56 105 105 84 75 72 72
Yundtbury 54 49 57 72 56 73 95 75 83 79 75 75
Gerholdhaven 66 64 58 74 78 86 103 82 76 79 69 69
Pollichborough 50 44 64 70 63 91 65 98 80 80 70 70
Lempimouth 35 42 54 68 64 80 79 83 78 78 69 69
Wunschshire 57 41 54 68 52 91 105 98 82 80 74 74
Port_Maudie 37 66 61 67 75 80 79 99 85 76 69 69
North_Donnell 44 40 57 46 79 76 72 77 83 80 73 73
South_Hilario 55 63 63 74 59 69 101 76 73 77 69 69
Jacobsfurt 67 69 46 61 52 81 95 77 76 78 69 69
North_Giovanna 39 59 53 53 78 69 77 83 76 79 75 75
Aufderharmouth 66 63 51 57 62 67 105 91 78 78 75 75
East_Jesus 50 32 50 46 76 91 96 93 85 77 70 70
Toymouth 47 59 58 58 56 94 104 97 82 76 74 74
Carlosburgh 58 74 48 64 80 64 89 75 75 76 74 74
West_Laverna 57 34 48 75 52 59 96 79 71 78 70 70
North_Ismael 50 66 62 75 61 93 70 76 86 79 72 72
Lake_Zacheryborough 36 58 60 49 65 78 91 90 77 77 72 72
Haleystad 58 58 53 46 69 57 71 104 78 75 69 69
Ellenchester 73 69 53 55 80 89 80 77 76 80 74 74
Blickland 46 70 66 67 72 71 86 92 74 79 73 73
Millermouth 69 59 66 72 63 84 65 101 80 80 72 72
Willmsmouth 48 56 56 72 79 101 90 93 74 80 71 71
West_Hildaberg 57 32 68 56 74 88 100 82 70 78 73 73
Henristad 75 61 63 72 73 72 81 83 82 79 69 69
North_Emelia 62 54 60 70 80 80 97 97 73 80 73 73
South_Brycenland 66 47 61 49 73 96 78 105 86 76 72 72
South_Waynemouth 63 50 62 57 78 55 88 101 73 79 69 69
Norbertmouth 70 67 61 70 66 72 65 93 79 76 70 70
Reichelhaven 53 49 59 57 75 67 83 75 71 80 69 69
Bettemouth 59 69 54 48 54 80 82 85 71 75 75 75
West_Kevin 35 63 70 72 79 86 72 90 77 79 70 70
Lake_Triston 73 39 67 52 74 94 84 97 80 77 76 76
Okunevaland 69 46 54 53 79 84 78 75 71 80 74 74
Lake_Coystad 46 43 69 61 51 67 81 87 76 78 69 69
Baileefurt 47 56 66 53 55 88 97 103 82 77 75 75
Port_Scotbury 34 48 64 50 68 83 93 101 75 78 75 75
New_Rosella 72 65 60 52 57 62 98 90 72 75 73 73
Pourosland 69 36 60 57 56 72 69 78 82 77 72 72
South_Estel 53 38 60 68 57 60 94 80 76 79 69 69
West_Erniemouth 47 75 46 63 69 88 73 101 79 75 73 73
Daphneychester 74 54 63 51 56 57 104 78 80 77 74 74
Gloverberg 48 52 69 73 65 69 73 92 78 79 76 76
West_Stefanmouth 66 33 68 75 77 101 69 77 82 79 71 71
O'Haraside 55 54 60 61 51 96 99 101 85 76 75 75
East_Aiden 37 74 70 73 61 81 73 82 86 76 72 72
West_Dominictown 54 45 50 54 72 66 105 101 85 76 69 69
Jeramiemouth 41 47 62 62 55 91 104 75 74 75 70 70
Keeblerside 57 37 51 64 57 62 72 75 80 75 69 69
Port_Sid 43 66 47 69 74 68 83 98 82 76 70 70
East_Tod 64 36 63 72 74 81 105 77 74 77 75 75
Weberview 37 74 66 50 52 68 98 93 76 75 75 75
Lake_Morganhaven 45 68 51 54 75 83 89 105 79 79 68 68
West_Kathryne 34 39 46 46 70 67 100 89 79 78 71 71
Zackport 61 38 57 68 73 98 105 83 85 80 75 75
Gottliebbury 56 32 57 70 76 67 105 103 75 75 75 75
South_Orlando 48 36 59 73 70 97 71 82 70 75 69 69
North_Gilesstad 52 36 53 48 56 74 77 82 71 75 70 70
New_Laura 67 71 70 73 77 81 91 104 77 78 68 68
North_Lempi 39 57 57 63 71 57 75 91 85 76 75 75
West_Arlene 45 73 54 45 67 74 97 76 85 77 69 69
Kulasmouth 38 55 54 60 80 101 92 91 83 77 75 75
East_Krystelton 59 67 58 52 54 77 67 88 84 78 74 74
Lake_Dorthatown 34 62 55 52 67 83 71 94 76 77 71 71
Jamaalhaven 58 57 49 51 51 95 88 96 83 78 74 74
Goldnerborough 60 73 56 51 65 57 76 82 70 80 68 68
Ondrickaville 56 39 49 48 54 81 69 102 83 80 75 75
Jacobsland 56 69 64 49 56 82 103 81 82 76 73 73
South_Naomie 36 38 70 54 67 75 96 101 83 77 71 71
Larsonside 72 47 47 75 66 89 84 94 71 76 76 76
Port_Kenyattashire 54 38 49 74 75 63 90 92 71 76 69 69
Port_Bridiehaven 39 64 61 45 64 63 66 78 81 79 76 76
West_Maurice 64 71 46 55 54 83 93 90 82 78 68 68
Kellifort 75 74 52 53 54 97 81 81 78 77 73 73
Akeemland 64 60 48 52 73 69 79 76 75 79 75 75
Considineport 61 54 53 45 71 70 87 82 78 80 70 70
Cristview 57 69 68 66 71 101 93 91 71 79 71 71
Murphyhaven 37 40 63 75 53 95 85 103 84 75 72 72
Sebastianville 58 60 65 64 76 57 65 77 85 78 69 69
Toyberg 33 48 56 52 67 90 94 82 79 78 76 76
Whiteton 53 66 53 58 70 67 100 99 80 78 70 70
New_Kavon 67 44 61 71 77 70 68 82 74 78 76 76
Friesenshire 38 59 60 57 72 94 70 103 70 80 70 70
Lubowitzfort 45 57 58 60 80 90 78 87 86 78 75 75
South_Tristin 38 37 62 51 69 68 89 98 85 78 73 73
Mantestad 52 69 67 66 55 81 87 105 80 76 76 76
New_Ninatown 68 69 66 53 71 64 74 82 71 76 73 73
Emardchester 50 70 54 56 75 58 81 98 84 76 68 68
Welchhaven 32 59 56 76 72 88 98 75 80 79 74 74
East_Lesterfort 33 69 68 73 63 100 66 93 73 77 70 70
Olenfurt 56 62 54 62 50 84 102 90 80 78 69 69
Port_Pattie 42 53 64 61 77 88 76 75 79 75 71 71
Lake_Marianaland 64 35 67 56 60 89 66 87 82 77 76 76
Samsonburgh 75 40 54 57 54 67 87 78 83 79 76 76
Port_Keon 69 63 70 69 73 87 80 101 70 79 73 73
South_Eloy 37 69 47 47 55 66 103 84 81 77 75 75
East_Tyreekside 60 68 56 58 79 71 83 76 85 80 75 75
West_Shad 34 58 49 46 59 77 80 99 79 75 68 68
Roxanneport 73 47 53 51 75 70 105 75 70 79 76 76
South_Marty 73 33 48 56 70 99 73 76 79 77 76 76
Lynchshire 56 57 52 76 55 71 94 86 70 80 73 73
New_Evangelineport 44 40 69 66 61 78 95 87 75 79 73 73
Eusebiofurt 41 68 67 67 54 64 74 91 85 80 71 71
North_Savannaside 61 40 68 69 65 90 103 87 86 75 76 76
New_Evangeline 32 46 59 49 50 75 83 104 77 77 71 71
South_Christellebury 58 63 46 74 54 96 80 93 85 77 72 72
New_Anastacio 42 67 64 49 51 61 74 82 80 78 69 69
South_Bonita 40 64 68 70 58 91 73 82 73 77 74 74
Nameside 59 68 53 67 71 59 97 103 70 75 69 69
Oberbrunnerside 43 40 60 73 65 85 99 91 74 80 70 70
North_Alekmouth 61 72 64 47 56 100 98 89 82 78 75 75
Lorenzafort 71 53 68 68 77 71 77 101 84 78 73 73
Roseport 45 46 61 73 79 68 81 102 82 78 71 71
Tarynberg 33 38 53 60 65 64 105 96 79 77 71 71
Edytheburgh 65 61 51 46 70 93 100 84 85 76 68 68
Bergeville 52 63 51 58 75 57 79 99 72 80 73 73
Lake_Marielleport 53 63 50 75 58 98 73 81 73 76 70 70
Starkton 64 36 54 68 51 78 86 80 84 80 74 74
Quinnton 64 64 58 52 71 77 82 83 80 75 70 70
Austynmouth 37 57 46 56 69 98 102 84 73 75 75 75
South_Gina 54 34 53 75 56 96 70 101 75 75 72 72
Port_Geraldineport 51 42 56 59 53 75 102 101 73 79 75 75
Port_Teaganberg 40 56 66 68 55 61 97 90 83 77 75 75
New_Casandratown 74 60 50 75 69 79 83 80 74 78 70 70
Sonnystad 39 32 48 58 72 64 90 84 71 76 75 75
Bodeville 63 66 54 67 55 60 68 86 77 78 70 70
Dorianview 36 43 63 69 69 70 97 101 82 78 69 69
Farrellshire 62 59 57 60 67 67 80 85 73 78 76 76
East_Medafurt 69 53 53 54 59 90 92 83 79 80 68 68
Rennerside 46 32 56 49 60 97 72 78 79 76 68 68
Littleport 59 54 51 59 61 73 66 92 76 77 76 76
East_Tylermouth 67 70 58 63 60 77 78 77 76 77 70 70
Larissaborough 68 64 62 66 66 57 83 76 74 76 72 72
South_D'angeloland 43 47 54 48 52 60 84 92 71 77 69 69
Cartwrightshire 66 39 47 46 57 97 92 77 85 77 74 74
Hellerport 73 53 54 52 69 72 78 89 82 79 71 71
Conroyfort 53 68 48 51 70 95 69 92 82 77 71 71
North_Nora 35 36 56 62 73 60 82 102 80 75 68 68
Lake_Elouise 73 51 65 68 71 72 88 90 76 76 71 71
Champlinport 47 47 64 68 59 74 69 87 81 77 75 75
Colleentown 55 45 64 66 55 62 104 95 83 77 75 75
North_Elinor 64 55 70 66 78 75 73 105 83 78 76 76
South_Jaylonberg 50 39 49 62 67 66 90 103 82 77 73 73
Bruenside 66 44 63 57 55 56 105 95 70 77 72 72
North_Effie 44 60 66 64 52 79 78 82 70 78 68 68
West_Kathleenshire 40 44 52 61 57 92 103 85 82 78 73 73
Camrenborough 34 54 51 54 61 79 98 95 81 77 70 70
Emmieport 43 32 46 57 71 100 104 92 82 77 74 74
Hicklehaven 43 69 59 70 59 84 77 89 85 79 68 68
West_Idella 69 52 62 68 53 74 72 75 74 76 71 71
Gottliebmouth 63 32 51 52 67 71 72 93 86 78 70 70
West_Gregoria 48 51 50 68 74 69 80 76 78 78 69 69
New_Garrisonbury 36 70 51 67 73 57 82 84 82 77 73 73
Stromanchester 54 32 48 55 50 75 87 93 84 80 68 68
Jerrychester 50 57 68 51 71 88 80 88 77 75 74 74
West_Geovanni 64 52 57 48 59 68 76 95 74 76 68 68
South_Kale 55 57 51 47 72 72 99 78 74 75 71 71
East_Robbbury 50 45 63 65 61 92 82 91 86 77 71 71
Bernadetteberg 54 59 56 46 61 68 91 81 86 75 69 69
Khalidfort 44 42 62 57 80 91 79 79 78 77 76 76
North_Everetteland 35 58 59 69 69 85 94 98 82 76 75 75
Lake_Tony 57 64 68 58 75 86 92 96 86 79 72 72
Spinkamouth 44 56 61 76 66 99 75 82 82 78 74 74
Keeganborough 54 71 49 69 56 59 99 77 75 80 69 69
West_Brianaside 53 34 50 69 68 80 101 84 73 77 73 73
Terryfort 50 67 60 56 67 56 79 91 81 79 74 74
Swaniawskiside 53 64 68 69 67 89 77 79 82 79 72 72
Bethton 48 60 51 65 74 98 100 97 70 76 69 69
West_Thurman 69 52 57 55 55 67 79 104 84 75 69 69
Pfannerstillburgh 72 67 69 48 78 67 95 86 75 76 71 71
Windlerchester 56 46 53 52 70 85 99 86 79 80 69 69
Kshlerinmouth 73 46 62 73 66 101 103 81 76 79 75 75
Beierville 60 75 63 64 73 80 74 93 78 79 75 75
Klingburgh 54 33 50 50 65 101 69 93 83 79 70 70
East_Yesenia 71 64 68 50 80 68 85 78 78 77 68 68
South_Alberta 32 65 63 49 74 92 74 87 82 78 72 72
East_Asia 72 66 61 73 54 68 69 88 80 80 74 74
Brownmouth 66 37 48 55 74 74 77 85 70 78 72 72
Londonstad 47 73 53 68 72 91 67 79 82 76 69 69
North_Harmonyside 48 70 50 76 52 63 83 80 77 79 73 73
Klinghaven 34 57 51 69 76 78 78 102 75 78 73 73
Port_Eramouth 69 42 49 49 64 95 101 99 77 78 69 69
Mayertton 70 37 51 55 74 73 90 97 75 76 68 68
Lake_Ellenside 65 34 66 74 59 69 100 90 84 79 70 70
Ziemeshire 71 68 54 58 74 86 73 82 76 77 75 75
West_King 44 59 46 45 62 65 72 84 85 80 70 70
North_Tonichester 44 47 61 47 68 100 70 89 85 75 71 71
Guidostad 50 63 70 72 64 81 97 90 78 79 76 76
North_Yasminborough 71 51 62 61 75 92 69 85 72 76 68 68
West_Dawnberg 32 33 70 64 78 78 77 82 78 76 74 74
Theoside 65 38 64 51 63 62 91 101 70 76 72 72
Corkerytown 34 53 51 55 52 95 96 102 79 77 70 70
East_Jaclynfurt 55 75 47 74 55 61 101 75 74 75 76 76
Nicoletteville 48 34 49 73 54 67 70 85 71 80 68 68
Port_Marilyne 36 45 50 60 57 91 95 92 85 76 76 76
South_Issac 39 34 60 63 63 92 68 87 74 78 72 72
East_Bernadettefurt 42 63 69 54 61 59 101 98 73 77 74 74
New_Emieville 55 73 55 54 74 93 70 96 84 75 69 69
Port_Elveraburgh 63 33 55 46 71 61 81 100 86 77 70 70
Fannytown 71 66 64 76 62 83 100 100 82 77 68 68
Port_Kevon 75 37 52 64 63 99 89 103 74 75 72 72
North_Vito 44 32 62 72 66 83 71 104 70 76 73 73
West_Georgianna 36 52 63 75 69 77 87 82 70 76 71 71
Jeanettemouth 60 56 57 75 50 65 78 105 82 78 73 73
Port_Loyal 72 45 61 54 73 61 78 85 77 80 70 70
North_Verniestad 49 44 46 76 54 99 94 88 80 77 73 73
O'Haraport 42 69 63 61 71 61 101 95 83 80 72 72
Elinoreton 73 55 64 76 74 95 76 81 79 79 76 76